year,month,avg_dep_delay,avg_passengers,avg_distance,unique_carrier,total_cost,tdomt_cost,departures_performed,avg_total_L,avg_tdomt_L,fuel/pass*km
2018,1,10.698966206421261,236.21258985100812,2887.157432117613,AA,18315.417379941195,11055.08843515191,30610.0,35117.879389222806,21539.065879748774,0.03158299833461101
2018,2,11.102261009641362,229.31601661436306,2707.4204400410817,AA,18811.527785786362,11582.47477295661,27748.0,35734.988929424464,22332.92612793787,0.035971250585465256
2018,3,11.865390291566115,262.8896539605079,2884.8955574650795,AA,18874.810883341954,11383.035857475426,30928.0,36584.41170137222,22417.302422312794,0.029558320990299557
2018,4,14.926222927207446,277.89588630945417,3065.291151674757,AA,20193.32925266424,11769.10302846351,29652.0,38015.50103803184,22605.298122088225,0.02653727893836551
2018,5,19.707782771522695,255.38825995169796,2779.228470808495,AA,20208.14871809932,11617.320431118029,34051.0,35457.84242168512,20771.904042514172,0.029265175201605615
2018,6,23.450381687537174,257.43178884132885,2927.8716137778874,AA,22874.922671184708,13235.631321526756,31282.0,39603.620735313925,23281.999995506685,0.030889158783831503
2018,7,29.98806118461268,250.6365888662452,2611.937507664169,AA,23648.43772299187,13664.547844813731,31111.0,41500.97769452927,24406.09278120697,0.03728129630577309
2018,8,26.589214362982506,239.17842984769328,2664.9632259038376,AA,22151.854285189944,13040.527069187006,32694.0,38780.086845997736,23209.11310948676,0.036412065393314014
2018,9,18.29262808918173,243.58362843526868,2781.0115940958076,AA,20585.423263427743,12206.286036383854,32377.0,35345.46365148593,21224.034028767335,0.031331200684495734
2018,10,26.085040066063222,251.13820314688624,2843.540436006652,AA,20704.266398108415,12584.920395831508,34257.0,34235.913362521234,21074.631317309162,0.02951126287808373
2018,11,18.324480354494547,283.56861292604515,2947.618093285492,AA,19348.08017327773,12352.291113050787,30933.0,33678.637599150745,21877.42618615912,0.026173804528536744
2018,12,23.31406279401897,283.44614338029925,3152.2407141138115,AA,18130.71869855718,11211.7106613731,30981.0,35679.9665485943,22475.96833996869,0.02515524116769758
2019,1,16.65139831037489,301.7076314728858,3436.355136940241,AA,10807.833971380023,6794.018711486888,48847.0,22205.852690836695,14125.875710774255,0.01362482851096156
2019,2,24.035109666017632,299.96187429828245,3347.7980793039796,AA,11041.20055315998,7139.049087503811,45918.0,21787.379677363344,14163.676301007885,0.014104272116139217
2019,3,26.717048948779592,330.3698408182223,3503.986369208893,AA,11387.71717731608,7232.7548118274435,52319.0,21848.354701119482,14025.146709328543,0.012115591189610172
2019,4,28.375995668583236,321.80442852040295,3232.779826707804,AA,11897.663056849577,7326.9403876015895,49587.0,22215.236812168918,13784.323368270514,0.01325004365130063
2019,5,45.116200483536936,335.70043120977186,3524.381623493297,AA,12466.79929424641,7569.076821466986,52993.0,22856.334081473593,13985.368432422207,0.011820588115525802
2019,6,44.46697984637329,326.8088971830066,3284.567313801777,AA,12649.616226632497,7437.430021654051,50337.0,24623.717396909433,14733.1074260093,0.01372531490324826
2019,7,41.08199319941936,324.55972350026013,3495.466033102336,AA,12143.228084086299,7123.373188272174,54230.0,23634.908016275676,14018.59540856703,0.01235676509606162
2019,8,30.266057881814547,316.37779715385835,3442.6125346005647,AA,11983.579747492538,7074.540128663861,53939.0,23734.448485333618,14259.951066811214,0.013092539465150469
2019,9,16.895321572887212,306.1478124265754,3428.814193618449,AA,12194.283117263913,7260.216662826984,47747.0,24089.78943980292,14445.307063902235,0.013761052954046232
2018,1,-6.551600339193586,242.59151586166212,3874.394999559639,AS,18177.441965587634,17666.072324292796,6858.0,32018.759668118986,31168.704951644795,0.033161888451735115
2018,2,-0.4880812349761972,269.05574151516106,3768.868144583471,AS,18641.346065195918,18131.66381297333,6074.0,33149.19309560751,32310.41566579684,0.031863196165477246
2018,3,-2.885147989779575,271.3684652442381,3929.603446911477,AS,22961.02625510023,22343.60883448643,5637.0,41021.59570771687,39986.102409485546,0.03749738392436322
2018,4,11.08228275408383,294.60457967854506,4367.867857267552,AS,14358.32880033734,14015.316044697449,9486.0,24270.020537222223,23730.021385457516,0.01844119859565489
2018,5,4.083330634857093,295.2510052558406,4450.03457530236,AS,13906.732393067847,13643.165560471976,10848.0,22025.648511575408,21636.779288384037,0.01646788572661738
2018,6,7.622297323709053,300.45351253932404,4183.38295682975,AS,15820.353381115612,15544.59374675392,9627.0,25255.57920285032,24851.263048502133,0.01977167932093959
2018,7,4.087262063100672,306.2221975313563,4281.214835901425,AS,15856.854257145744,15589.604181395818,9901.0,25470.05988119584,25071.087760602968,0.01912359275364899
2018,8,21.267320941910434,319.30728859374756,4588.310625952639,AS,13824.302924291353,13608.855400071761,11148.0,22140.91130745784,21824.668621225333,0.014896560835782875
2018,9,-1.0932289245445386,290.99455377548406,4251.651551522011,AS,15773.035985062805,15542.077062351476,8837.0,24516.48394248614,24194.285452694356,0.019555560815654894
2018,10,8.226246609446955,302.9363177892922,4406.786164199305,AS,17542.601622247974,17227.368829663963,8630.0,26116.945902371957,25706.78071873696,0.01925636784818924
2018,11,11.320798071743093,318.70615594915654,4325.992892084163,AS,15720.362679955702,15363.039645625691,9030.0,24363.568228413067,23876.620715521596,0.017317955005867747
2018,12,6.46931244255997,284.8974457240238,4430.287302951701,AS,13727.906532988358,13406.529862009487,9276.0,24338.66781028353,23829.75624518219,0.018879876687156173
2019,1,10.844046836760317,347.7752805954922,5236.70479880703,AS,9039.395345252775,8818.43642108508,12976.0,16652.81820535219,16302.003524913687,0.008951260172512987
2019,2,27.4911667189506,320.45800957408125,5128.866710735986,AS,10893.55949092344,10595.888812154697,10136.0,19162.870660758683,18718.53127275059,0.011388833026072276
2019,3,8.009269210605096,374.6657872400162,5258.9352391069115,AS,9712.097821382196,9460.522219016015,13862.0,16551.243995921224,16184.52537040759,0.008214064482846827
2019,4,8.937866097596556,381.55683571087724,5540.900062959327,AS,10691.011921458625,10425.21146953405,12834.0,17616.42154357488,17234.843426014493,0.008152067868328727
2019,5,5.991639658705481,385.50586885126586,5624.705906411924,AS,10447.863981238792,10287.066974755138,14498.0,16391.04618956132,16169.91511187819,0.007457219492283104
2019,6,17.267103848041234,359.53150842593556,5109.96082355497,AS,9524.377291911715,9409.05279180793,14453.0,16913.786776211862,16736.13782277797,0.009109629546187933
2019,7,11.818778448859788,350.0071287951867,5007.777138526375,AS,10109.448767387412,10000.89416058394,14522.0,17626.422536890237,17463.859222702795,0.009963647139367064
2019,8,26.28543583308179,387.81282512175835,5398.838186466679,AS,8989.67066640862,8909.546416360236,15501.0,16266.784440056126,16141.94307859751,0.007709626401703595
2019,9,9.968442498070075,296.2052178608314,4033.6032405494507,AS,10331.807364277514,10248.782680006561,12194.0,18269.17746816877,18141.17417359849,0.015183766314054468
2018,1,35.415119457659394,172.38755562796948,2490.0032887963253,B6,14186.614623913694,11450.313854759765,10011.0,25291.381825799624,20413.197201624214,0.047555986900764895
2018,2,9.945291482851415,154.11716420890636,2382.375967134038,B6,14617.49537037037,11886.69499559083,9072.0,26185.3074612015,21293.484958010362,0.05799431679596267
2018,3,22.368564816567293,160.99589730827265,1936.6687945510832,B6,13342.872877380618,10802.448447321513,10659.0,24715.085010389343,20009.459560747728,0.06417489917886865
2018,4,26.72069618761378,163.46093185631094,2224.387476760897,B6,12893.677940434125,10483.506983005216,11886.0,22445.564709273094,18249.89219003702,0.05019216065887916
2018,5,20.89637906400124,161.5501259338981,2346.3631685284686,B6,15123.958896797152,12459.624911032028,11240.0,24481.587865732206,20168.75642100801,0.05320795742468746
2018,6,20.41180526856651,177.60612818228915,2585.9291552149866,B6,16293.350286324372,13187.063379598176,10303.0,26483.534454296805,21434.51432832282,0.04667013725542066
2018,7,29.33039303356881,156.99967349809125,2358.0474788679267,B6,17656.650593990216,13880.265049415993,10017.0,29054.992113156633,22840.736914613157,0.061696257002449274
2018,8,32.78378012244872,175.50798775203552,2422.235850251207,B6,17398.281450103437,13691.402029356714,10151.0,28609.008558185404,22513.570657960794,0.052957937792645945
2018,9,15.327684038809402,137.10445958419777,2200.043974762786,B6,15716.42104237701,12602.740185094983,10265.0,25360.731729694107,20336.25839108524,0.06741990068608465
2018,10,9.87973479270805,171.5789686927331,2505.530613523961,B6,14970.657841320271,12163.074574177037,11331.0,23137.442845958874,18798.387485367577,0.0437277197284623
2018,11,21.245121210531558,160.75707226429654,2251.139141832787,B6,15705.15451750471,12688.961122681741,10083.0,25871.808687506695,20903.0794464217,0.05776141765106354
2018,12,23.259220543810724,154.28194749596102,2465.175501407648,B6,14121.223796842305,11118.988967091496,10514.0,26690.40313890242,21015.905052432947,0.05525672513063954
2019,1,26.866863712323525,162.44577529266908,2634.695580095237,B6,9750.810660980811,7646.584719260839,14070.0,18942.71115860057,14854.87218947548,0.03470803729502606
2019,2,24.99371427292225,166.78617836913824,2535.4493267747525,B6,9490.816600845284,7521.646573823876,14433.0,17422.372474031734,13807.55010172937,0.03265138703673262
2019,3,18.88849397650478,162.48404521600816,2411.3592981336747,B6,10420.881611768467,8200.12951710905,15635.0,18497.217965584266,14555.352745442277,0.0371492530614733
2019,4,26.305668351189297,167.88846134680142,2462.509537234691,B6,9730.383671514934,7704.841563416532,16707.0,17033.350783259713,13487.573980247204,0.03262383934074706
2019,5,19.060330028946865,175.99326427174864,2416.1868710726467,B6,9684.3395658466,7683.53487698987,17275.0,16333.52986014356,12958.988590233286,0.030475057997462723
2019,6,28.965145858731514,166.0373416066632,2463.0299730543493,B6,10002.790632894992,7744.718986849776,15437.0,18337.59395867267,14197.989052242663,0.03471773378985969
2019,7,37.12191847714904,173.60523967118334,2519.2957514185505,B6,10111.595053815456,7721.398899504172,16538.0,18260.23714190047,13943.850945195307,0.031881646986904204
2019,8,46.551757525416186,155.15433286138307,2255.1072933317105,B6,9960.874231448226,7566.346259207402,16427.0,18379.513614071348,13961.20066755768,0.03990172319810329
2019,9,10.161721633016139,155.34048718538145,2402.727041312133,B6,9692.546975458003,7752.181541652264,14465.0,18066.97082772347,14450.109053900449,0.03871524622482608
2018,1,31.360980573363754,377.8330215029819,4103.908650625388,DL,19096.534483963384,11399.95300817553,28622.0,34990.25680657257,20855.525815172947,0.013450039115398247
2018,2,17.735468832533353,360.23030309654666,3449.382066226067,DL,16934.66805626165,10442.70293170649,29505.0,31245.706604324016,19239.156765831216,0.015483334231866755
2018,3,13.153786107350872,340.15768102300797,3493.5403601533017,DL,17075.435431737726,10615.009235031554,32485.0,34011.96443382546,21110.64042378082,0.01776459707091694
2018,4,18.558354980438537,352.80457525347424,3729.8820562053374,DL,19244.30807269131,11645.24372604772,32356.0,33438.72645735938,20207.91628964489,0.015356499380896092
2018,5,15.892126931594893,319.53124834603244,3004.4298010880325,DL,18447.59343212535,10862.032839373247,35293.0,32998.228650675774,19399.883243138018,0.020208017948081223
2018,6,31.658603697655753,392.0705111425649,4080.220726291454,DL,20145.631771219818,11822.013585250299,35038.0,35152.35150082225,20596.841044709745,0.012875164332556904
2018,7,31.58790443568686,344.3590675346076,3394.612826453802,DL,21104.8583861405,12380.092197231363,36769.0,35391.3746835636,20734.408206608012,0.01773739646299052
2018,8,26.966102051568942,338.48531794848475,3275.134406982985,DL,21159.643735058362,12425.777302770355,35555.0,36690.52884579188,21514.172201769656,0.019406878072129017
2018,9,10.943559382879023,289.8405694848441,3010.9421214999393,DL,20255.013647029766,11761.95134000247,32388.0,34287.088568426574,19884.3234803137,0.022785010762848446
2018,10,6.38466552862042,301.1561250148544,2888.807118742555,DL,19552.64069074813,11894.831001694081,36598.0,30295.131773453468,18406.378014829497,0.021157195100302385
2018,11,19.096247608088884,347.2716806030587,3250.447086352465,DL,20763.193319255137,13319.069527100532,31254.0,31892.473366725542,20438.083715190056,0.01810621630329865
2018,12,13.565333241047847,401.5089976912006,4063.187254056354,DL,20199.822186995276,12571.33642399952,33434.0,31190.99502822905,19394.192623024166,0.011888021588989793
2019,1,18.545048843016023,372.89473507015737,4032.032706445143,DL,11994.378902917591,7367.002879201502,46888.0,22097.182568436063,13553.753267243857,0.009014658468950262
2019,2,32.10877479200015,336.4539248923947,3555.4854592838956,DL,12070.683218694054,7522.892042777726,42452.0,22120.59511388156,13768.353316359184,0.011509527536934232
2019,3,16.940121800842054,414.6043364254182,4000.2454845736033,DL,11209.676491692886,7098.440359882983,54351.0,20890.900245571378,13211.786011052971,0.007966013665159548
2019,4,27.30900527601136,366.7696696865878,3682.049002829339,DL,11116.52339832869,6768.766889507892,53850.0,20815.26635431495,12658.149470629342,0.009373186134841192
2019,5,15.701698864441049,348.3871923723637,3279.677164341684,DL,11525.961469407872,6832.272706470464,56812.0,21200.034255581217,12550.934500187284,0.010984563058805005
2019,6,36.91361189911091,424.6579998263099,3985.6946613490795,DL,12816.001474210309,7558.826151052622,55623.0,22878.898603893533,13479.942940801828,0.007964246972324911
2019,7,34.22349125200583,344.29716238975124,3385.04368669025,DL,11382.263457214654,6730.424117180267,60488.0,21974.323949514288,12977.02925252794,0.011134675434305274
2019,8,29.56454904191921,401.7129050406742,3895.633869580799,DL,11075.471841125362,6535.258783616053,60425.0,21996.903242927765,12962.853226560199,0.008283362870693832
2019,9,10.50660738350431,308.8875103885165,3028.7052188025023,DL,11284.676908089476,6555.68286560006,53378.0,21551.101913730377,12504.630052986062,0.013366370452158036
2018,1,21.0375581866019,198.44682148348411,2182.809303740134,F9,13230.098360655738,11801.423193685489,3294.0,25519.215104829997,22798.475225588954,0.05263151346394143
2018,2,25.53477308048265,197.59936585423156,2171.959244466446,F9,14433.749908324166,12887.519985331866,2727.0,27990.0391993216,25148.212394976166,0.0585962605472795
2018,3,16.46263028534627,191.18466937411384,2087.965178575767,F9,11175.407397184654,9942.876621584322,3623.0,22399.399383690314,20061.876841451834,0.050256847648593304
2018,4,21.318775872264933,217.21811854922072,2258.8485912300407,F9,12563.945298639857,11055.42903607333,3382.0,23604.934766185692,20871.056147823772,0.042536451511421464
2018,5,26.399592432514403,263.5119479447954,2766.6408245329076,F9,12991.328290870488,11458.897558386412,3768.0,22418.530146767516,19820.271136234078,0.027186700240191375
2018,6,54.204101979891455,261.1814018904816,2406.702597349528,F9,12815.123076923077,11275.555735492577,3705.0,22576.355864418354,19984.503517222674,0.031792793416794606
2018,7,44.40393540912728,267.56848855105267,2709.885160948082,F9,10840.391020817657,9709.245548031102,3987.0,21286.211126603965,19228.34755847254,0.026518936985257317
2018,8,53.0494790227503,297.02227550579704,2860.8228618762096,F9,11815.33824951644,10875.612185686654,4136.0,20949.55173002418,19327.779030616537,0.022745839123029514
2018,9,36.406858024242126,262.388763478474,2671.3400226846684,F9,11712.145950076414,10817.989047376464,3926.0,20393.269651490067,18880.174938217013,0.026935907391022883
2018,10,31.942530676573234,266.63966579618204,2634.6481044286825,F9,13149.609666403992,12220.045442605726,3807.0,21692.983560727607,20168.948858056214,0.028710178414610547
2018,11,26.05741303128548,291.4829076012103,2836.0102933754674,F9,13029.516230968113,11857.31657569664,3481.0,23179.391030341856,21152.13922681701,0.025587826692791527
2018,12,21.46485445303062,282.91511947066266,2945.808275409288,F9,9251.692197223552,8320.635710866443,4178.0,20109.54032610819,18175.864469191,0.02180893410484202
2019,1,32.94337038890791,310.1063632265871,3103.476065298173,F9,7639.649290060852,6700.568559837729,4930.0,16771.348073470588,14757.36944027992,0.015333802720765278
2019,2,27.335888716356102,311.1910045423284,3134.7123356434786,F9,8577.945,7493.9547826086955,4600.0,16526.272207291306,14430.944084973913,0.014793468676118264
2019,3,27.51419624217119,308.09727262634806,3061.0271721169092,F9,8955.010020876827,7995.040292275574,4790.0,17496.814624805844,15682.231320033405,0.016628490131414278
2019,4,33.54412822663312,335.9801767311125,3435.353538140901,F9,8368.608610567515,7567.296281800392,5110.0,16017.623876375736,14579.999977634052,0.012632009145402821
2019,5,38.72405687392614,336.67844078352925,3275.5244583580243,F9,8138.398989018651,7464.20376503399,5737.0,16226.158975264074,15047.782682436815,0.013645088497514671
2019,6,40.03790048486166,323.42471206193153,3099.1026174811163,F9,7841.531002986123,7252.0753556999825,5693.0,16354.680053627262,15226.159767419638,0.015190820272897101
2019,7,40.8420985098696,340.69686947138024,3309.9155860175824,F9,8205.68332790622,7654.195538912406,6142.0,16441.17334847281,15453.012468016934,0.013703392399914421
2019,8,27.849417635172177,343.7725096973648,3379.053955726363,F9,7415.404821540388,7223.88713212273,6388.0,15426.403215289605,15118.088444733878,0.013014593580789217
2019,9,19.558978675645342,332.7087915686005,3546.744711028035,F9,7867.25822083766,7780.692973347179,5778.0,15847.164951651092,15691.733841979925,0.013297705987683523
2018,1,15.46263823064771,175.29648635184677,1819.928622123223,G4,14889.352606635071,14818.24691943128,2110.0,25446.618586203793,25340.236006971565,0.07942973049423221
2018,2,16.25442022403875,181.06306340778178,1875.598798401452,G4,14813.740236148955,14735.604450499546,2202.0,25782.10776147139,25655.810530826522,0.07554677505510854
2018,3,12.164834535669298,193.6921077635834,1985.7337218069374,G4,14239.07523187908,14135.006870491241,2911.0,25303.252601006527,25130.608776465135,0.06533863736294893
2018,4,16.155845869622592,207.7464999671534,2078.2096773079948,G4,14985.827790973872,14848.814330958037,2526.0,24941.00699480206,24730.931725589868,0.057281898050428395
2018,5,26.204723276953175,200.47369144097533,1982.5963316189166,G4,13552.56955471177,13416.726958923024,2897.0,21076.548747207456,20878.534041574043,0.052530110739828086
2018,6,28.20306849606467,203.411464733401,1944.6100946585823,G4,14430.875877472878,14305.071793235482,3134.0,22638.39689522017,22453.44809176771,0.05676427304994456
2018,7,32.76887792979107,212.38776394183787,1918.040393433026,G4,15177.888323258034,15054.97200127267,3143.0,24028.041126433345,23845.564612373528,0.058535639638114395
2018,8,5.95642030608436,204.3320883315954,1829.3341948861519,G4,14205.056364315044,14110.883165360208,2679.0,22422.94607818589,22281.872791735725,0.05961040388176679
2018,9,8.100192854242794,177.02049937983253,1731.989938038977,G4,16858.415956151035,16647.27161997564,1642.0,25812.378817381243,25512.033506656517,0.08321012039623168
2018,10,14.7232795476486,194.50535072641892,1872.9434999172531,G4,15603.431526685974,15456.977244517997,2417.0,23041.026383661567,22843.477159102193,0.06270555008219522
2018,11,22.027768911879082,209.80408642367848,1990.1770444838198,G4,13827.527349768876,13722.836286594762,2596.0,21841.769038551618,21697.222078655625,0.05196350998452
2018,12,14.792370805780065,173.73155586666942,1717.5435787729614,G4,11048.841660543718,10953.929096252756,2722.0,20315.87270562087,20163.289531561353,0.0675732663333823
2019,1,9.040505464480875,170.59464258596228,1720.0599537377032,G4,10502.22950819672,10430.831147540983,2440.0,19833.173210364756,19709.109500409835,0.06716732141555357
2019,2,20.341682047496004,186.11526596970177,1941.5573215725378,G4,11195.180140273163,11087.225913621263,2709.0,19549.536849752676,19380.186912676265,0.05363221665980146
2019,3,8.173441172404257,196.32920490070944,1966.7907009746991,G4,9025.33056822895,8906.315636665284,4822.0,15464.292428011198,15274.699281078392,0.0395575708711294
2019,4,10.521737915618887,169.99229481864455,1774.1168107404292,G4,10907.662196144174,10772.578932662755,3579.0,18392.19874918413,18172.71266022632,0.06025711185486132
2019,5,13.026581613149848,182.63267034056423,1696.9498304300469,G4,10991.101777522936,10849.69753440367,3488.0,17901.255982798164,17677.038812095758,0.057037705112346196
2019,6,22.662544607093444,176.05831668019138,1618.125090648897,G4,9314.776054183963,9199.481319641687,4577.0,16689.438488503387,16497.270830707886,0.05790865350951297
2019,7,19.145161705965727,182.913855763947,1620.5615228411282,G4,9242.938152299961,9169.856590645535,5174.0,15875.607879758409,15755.32929375145,0.05315147936498843
2019,8,17.758439569127383,180.73927351825742,1631.853106403795,G4,10306.867773495405,10228.049214349245,3373.0,18192.173194859177,18058.2563199496,0.06122689255816903
2019,9,9.878138440079043,171.8305730714112,1533.9406532139965,G4,9260.402359641985,9172.155004068349,2458.0,16222.699502725794,16074.515639580963,0.06098582448735334
2018,1,-0.9102106764390688,138.58784718478063,865.3823840075411,HA,11882.248855373015,8051.176407217883,3713.0,22869.66003343119,15410.786423156478,0.1284965900419789
2018,2,5.617047804108398,190.45689811508512,1235.175068907168,HA,11687.101645123385,7834.777027027027,3404.0,22282.010842544067,14969.089135531727,0.0636312054016674
2018,3,0.2034235703917441,145.44540788459068,1410.4598786653387,HA,14830.941567065072,9968.413014608233,3012.0,28667.20652918991,19341.968387931607,0.09428441663832693
2018,4,2.070526983789868,146.3165038938071,997.362376519836,HA,12529.987414500683,8539.44076607387,3655.0,23062.00714146375,15605.848297827635,0.10694022267641255
2018,5,0.08570562499391272,128.61078378860915,1046.5200980931977,HA,13509.5447241564,9288.228441349758,3734.0,23351.99356392073,15974.280162324585,0.11868513791133099
2018,6,-1.767826569589034,198.4587547616956,1354.796536493739,HA,22820.29651162791,15605.515652951699,2236.0,39475.12057146244,27081.39196726297,0.10072253400213166
2018,7,-2.715011183736833,164.59117964440023,1030.6663877614958,HA,13149.848408287015,8996.915108640727,3958.0,23045.279597660436,15764.458537935827,0.09292966845762779
2018,8,-2.1317442360948364,107.89792488134806,854.3434365155599,HA,13134.709629992649,8716.036755697132,4081.0,23045.858988613087,15295.136937767706,0.16592345789311547
2018,9,-0.41884831836789443,110.67868941397585,1041.9510390844887,HA,13476.881768244833,8909.813758828146,3823.0,22963.32188326707,15124.321972037667,0.1311488824587607
2018,10,-0.01566115529362458,121.23581010518205,1112.15386056044,HA,14656.7739010989,10092.214285714286,3640.0,23755.874988170333,16292.170651744507,0.12083233219475197
2018,11,-2.29479690518544,157.96613289076285,1317.9100522038214,HA,20323.386411889598,14020.100636942676,2355.0,34975.114863312105,24353.029368322717,0.11697774240100708
2018,12,-1.9382450535244573,110.1294823391224,833.1240871633528,HA,10935.885476969544,7456.969544424868,3973.0,22055.487945660712,15213.386524998743,0.16581072213528295
2019,1,0.8430243483941856,118.17271105961468,988.5278812213741,HA,7631.1095419847325,5177.456488549618,5240.0,16345.593262532444,11038.46072344275,0.094493599935153
2019,2,3.5327794539475974,115.17378048780488,789.8161983405922,HA,8203.05531358885,5632.016332752613,4592.0,16446.623826149826,11155.71950319033,0.12263598596374257
2019,3,0.687175885436623,119.5113812901047,948.917845456265,HA,10264.086052009456,7074.739716312057,4230.0,19636.842116775413,13490.471004879433,0.1189567890165468
2019,4,0.5736813256385315,122.02192871587462,1286.321134767442,HA,11332.173660262892,7944.902932254803,3956.0,21083.753856764408,14681.576808301315,0.09353742519008591
2019,5,-1.1966377174254084,163.0042367035116,1127.2486524241167,HA,9980.895218295218,7102.248232848233,4810.0,18026.42068827235,12705.125045567569,0.06914492764967733
2019,6,0.2388744162240055,120.39537416447718,986.2010741373864,HA,8397.040663245163,5847.2062771417295,5066.0,16691.240847463483,11707.263637518754,0.09860072912154319
2019,7,3.8850985397213256,136.54951948094893,1407.0881371288945,HA,13762.1298106292,9574.818570555895,3274.0,26918.02507352474,18599.862931142336,0.0968051062503375
2019,8,-0.703117197065004,148.6314942973951,1131.3165582128627,HA,8549.390438247012,5800.919370138494,5271.0,17080.079446031115,11627.29724220831,0.06914866298708634
2019,9,0.05313710796929268,135.10033288508413,1108.2673760443097,HA,7695.869215651242,5166.049490798642,5597.0,15342.255232417367,10238.94767328569,0.0683839771330054
2018,1,3.518094712595356,160.27279330596056,2027.384490862608,NK,12794.313408129483,11770.768254552142,5437.0,22008.190631147692,20247.535659148427,0.06231265364958625
2018,2,12.103153695707222,192.410388836825,2180.8877773677586,NK,13610.879932829555,12535.620486985727,4764.0,23646.6243379534,21778.541189269523,0.051899951248546655
2018,3,7.06578192948943,236.77032149801633,2361.314898938657,NK,12635.496312286383,11599.385680877856,5559.0,22902.41213256161,21024.41432543443,0.0376047525591591
2018,4,21.125374025276404,220.30762814109406,2365.819872766829,NK,13813.661956117516,12501.364075864634,5378.0,23925.909143229826,21652.947813335813,0.04154376173777904
2018,5,19.415067461611315,200.29691553716486,2210.717877352462,NK,13803.768177372025,12437.19514183241,6134.0,21921.28894506195,19751.081425280405,0.04460497442673225
2018,6,12.541901552973485,195.07450298642007,2002.2146734994508,NK,13668.36969127096,12328.869456198088,6381.0,21729.86876928851,19600.34161447422,0.05018252294230051
2018,7,13.098860581845189,195.05519913361564,1910.595479775203,NK,15791.376102369013,14259.612657790074,5783.0,25395.624458293278,22932.248772597268,0.0615347396858071
2018,8,19.919594571948085,202.30793872437818,2027.159835569242,NK,16097.266936477212,14535.83213091677,5683.0,25965.635225938764,23446.96875356502,0.05717231615440144
2018,9,8.74377715745984,224.73013040542992,2388.8151623971585,NK,14213.913612565446,12963.08919222139,5348.0,22526.812111888557,20544.452776280854,0.03826931838600987
2018,10,4.746861451460886,200.9538093993506,2186.0273462544765,NK,14968.97342130066,13516.983034872761,5305.0,22634.096661336476,20438.589544207352,0.04652636123235855
2018,11,14.563859099745263,243.85937752989597,2735.762093335545,NK,13011.74427480916,11554.428974444076,6026.0,21348.157027421177,18957.16367152008,0.02841551758788378
2018,12,9.921306070111973,224.781240928688,2401.8010447924366,NK,11518.00593043757,10078.255169097612,6239.0,21776.063389195384,19054.055693071004,0.03529314305050964
2019,1,7.983657835034313,202.03018053472567,2330.7880768966766,NK,8490.316767965678,7395.065903944703,8391.0,16178.56309214039,14091.528649494696,0.02992533826571022
2019,2,18.6802885601951,287.5826650798167,2951.6287464006073,NK,9018.376862844152,7936.171634251074,7918.0,16059.06695735792,14131.978692998233,0.016648631414638987
2019,3,11.525186513715116,305.4867885892335,2917.7699523862716,NK,7962.13528604119,7078.338306636156,10925.0,13989.445393220138,12436.616851664989,0.01395271663279213
2019,4,22.805252930131815,282.8543813409625,2999.5903193116665,NK,8580.984759790068,7491.199737585789,9908.0,14774.59964713565,12898.225627197215,0.015202153597267589
2019,5,31.047839928692426,301.89934995902166,2854.2393447658073,NK,8823.693546885184,7782.497718595772,10739.0,14848.142594211751,13096.061751175155,0.015198059759606081
2019,6,26.484368494249537,280.79994041488465,2761.635322612956,NK,8519.33356657337,7514.052179128349,10004.0,15760.813731906239,13901.03771229808,0.017926020194468237
2019,7,27.255529514960287,298.0439953656508,2935.021903446543,NK,7934.18246404436,7013.817276035349,11542.0,14217.11838123722,12567.932788072258,0.014367199629000684
2019,8,32.41692977113417,277.9506024397454,2740.33912746344,NK,7733.6330954038995,7060.8070160167135,11488.0,14111.117155657206,12883.449842184888,0.01691454187572475
2019,9,9.770272334315953,303.93709618809464,3204.33066823907,NK,7850.601625147012,7065.54143055704,9353.0,14529.158395529777,13076.242515504116,0.013426472610326338
2018,1,23.95521653221309,62.89634682739188,1028.8279503520366,OO,749.8238606441158,749.8238606441158,24685.0,1183.6365975859835,1183.6365975859835,0.01829153739768415
2018,2,19.965223061607688,69.89693590007806,1067.451184755735,OO,738.0830414988618,738.0830414988618,22844.0,1194.3109400923656,1194.3109400923656,0.016007048069299475
2018,3,9.347527867403375,69.27141834865758,1054.745388889742,OO,709.7439693192713,709.7439693192713,26075.0,1177.4129101825504,1177.4129101825504,0.0161148800810426
2018,4,11.386839485342811,70.97710319734024,1083.3522999866873,OO,732.8991777603759,732.8991777603759,25540.0,1170.5087990575569,1170.5087990575569,0.015222525234350387
2018,5,20.255402250542776,70.9019081510719,1005.9376589401556,OO,856.5925571758706,856.5925571758706,25098.0,1245.4458916754324,1245.4458916754324,0.01746207600095593
2018,6,15.27821485639576,74.21814207089325,1037.3920075778183,OO,745.8647306488178,745.8647306488178,27789.0,1104.479901081723,1104.479901081723,0.014345141653941837
2018,7,13.530135785764545,72.80209801264097,1041.2076662321024,OO,747.9484536082474,747.9484536082474,27936.0,1118.4913638924686,1118.4913638924686,0.014755413451508062
2018,8,23.380646480951356,77.4635248601058,1102.6424568360399,OO,734.0779634588658,734.0779634588658,29501.0,1084.847103157859,1084.847103157859,0.012700960571440876
2018,9,10.35198613799885,73.99024424864287,1048.5553470080283,OO,803.3166186941372,803.3166186941372,26404.0,1180.141853070747,1180.141853070747,0.015211372180053995
2018,10,9.46905182062478,74.18871910523588,1074.5331181796994,OO,889.5196509834894,889.5196509834894,26589.0,1230.3667340505474,1230.3667340505474,0.015433943358749801
2018,11,14.311473238008416,68.4633048873073,976.3876068137948,OO,874.1838429903497,874.1838429903497,24559.0,1279.9558018335438,1279.9558018335438,0.019147622435642584
2018,12,18.962068744920668,73.25175036807414,1132.7462220340008,OO,724.6432149362478,724.6432149362478,26352.0,1217.8213566943687,1217.8213566943687,0.014676853417688792
2019,1,27.227085471928817,69.38917976933618,1151.6717433765716,OO,448.6833896936355,448.6833896936355,39626.0,778.5603280717206,778.5603280717206,0.00974253119369173
2019,2,31.601412300992763,81.10347069404997,1268.7510431335809,OO,473.9130857746401,473.9130857746401,35978.0,789.4766208880427,789.4766208880427,0.0076722619395383695
2019,3,18.14646061975167,75.09802951560094,1102.2245801155714,OO,481.2575203299392,481.2575203299392,42917.0,754.9143220131883,754.9143220131883,0.009120088049331513
2019,4,16.44230191910602,82.48288238833524,1210.5464908464241,OO,479.4851763483027,479.4851763483027,42331.0,738.8913571566937,738.8913571566937,0.00740006073963558
2019,5,14.942369922322607,78.44364444608544,1083.4408575750817,OO,510.86113071791254,510.86113071791254,43919.0,761.7605181859788,761.7605181859788,0.008963043162317252
2019,6,26.148514300743948,86.1844481389,1188.4278468409766,OO,428.8087415906558,428.8087415906558,48458.0,696.4388068907094,696.4388068907094,0.006799566699076813
2019,7,21.63972601014066,81.08630729313845,1126.0786016412678,OO,464.74313793402024,464.74313793402024,46196.0,783.8805165774093,783.8805165774093,0.008584868385754084
2019,8,19.670821850675914,80.16795119976479,1163.070131034127,OO,439.335419765328,439.335419765328,48408.0,687.4205404904149,687.4205404904149,0.007372517591548152
2019,9,17.252149318977963,72.22773115224707,1095.72419743186,OO,486.0998348847783,486.0998348847783,41789.0,800.2892453100098,800.2892453100098,0.010112109303614735
2018,1,20.48084618590771,409.38956378044463,5813.412541201966,UA,24737.92572931379,11646.114060293186,20533.0,47192.183816839235,22286.383741117716,0.009364221839830973
2018,2,16.843278184431384,383.90578198120346,5315.846497921631,UA,26010.341742366203,12315.817883331509,18274.0,48775.47600292766,23417.354963110432,0.011474684528867888
2018,3,20.978528283224698,396.3982890947782,5353.360659756237,UA,26515.91131130167,12633.466037190481,20758.0,50937.03990251228,24693.45634196069,0.011636533065740036
2018,4,24.518093319913334,394.1846820504697,5185.783978290658,UA,26458.379420922993,13050.158758191197,21517.0,48920.53000932332,24238.608111595484,0.011857510334017989
2018,5,32.715599026265735,380.31786129646605,4697.469972528367,UA,30480.58908817022,14898.583015581604,21243.0,52819.28871621194,25928.141649490655,0.0145131156440911
2018,6,42.987258790336604,444.7578744607486,5602.803205956883,UA,30155.37700311718,14779.781709619352,22777.0,51724.23678552136,25697.31952055495,0.010312377676219064
2018,7,46.05495473563374,406.23309987094524,5146.749691965586,UA,29940.133414881053,14619.016197064282,23708.0,52128.623884780245,25646.251265183484,0.012266355266416146
2018,8,50.772460886765145,407.19315004398,5462.760709924485,UA,28971.74358546456,14462.808335767033,23969.0,50380.14803352705,25319.404541693024,0.01138258355857381
2018,9,21.350374667527817,405.21411524683003,5705.424914716119,UA,27818.05633741067,13870.09189355079,22809.0,47346.011674910784,23650.654177198474,0.010229881390685537
2018,10,13.344365779657306,432.98550928184585,5601.571762186063,UA,28145.361147540985,14183.28893442623,24400.0,45900.96881768689,23231.818096860246,0.009578553567511491
2018,11,36.64040662744872,471.8242533008715,5912.596681412971,UA,26976.61722299895,13403.9890335547,22888.0,45283.42343163186,22948.470754049722,0.008226123657311728
2018,12,29.86721187966173,464.7804707806619,6341.045509942063,UA,25185.705010835434,12273.328247313255,22611.0,48342.09981756225,24096.13106830304,0.008175956556926454
2019,1,42.465704108378524,488.2056309374757,6612.746418916861,UA,16325.740299967394,7714.073687642647,30670.0,33338.384314243885,15871.572698830129,0.004916265282773649
2019,2,43.73527923184399,483.00991873720676,6315.414446028466,UA,16620.62270251274,8129.602108592515,28455.0,32559.76371437428,15975.376718789317,0.005237128171057585
2019,3,40.83517958549361,537.2522237284384,6964.0737758613495,UA,16983.348288109108,8386.949936070465,35195.0,32035.150108925132,15968.128532947863,0.004267882307841737
2019,4,49.76761720442991,497.58937076071203,6474.594144982895,UA,17300.845355398964,8657.742492909563,34201.0,31996.229989854688,16094.275100737697,0.0049956013659508995
2019,5,46.18887528486372,484.09584669381013,6081.687287977098,UA,18620.221260111655,9234.593312065626,35108.0,33361.74117733366,16599.14781554033,0.0056380685275067765
2019,6,84.93511169716386,597.053266045057,7408.6107427383295,UA,18102.871354466857,8867.83074927954,34700.0,34934.659918642945,17399.867462288763,0.00393365334414688
2019,7,65.3147069056475,530.2904982947349,6279.6947129287,UA,18050.911014103425,8961.580926796507,35736.0,34848.85848850655,17403.295998070855,0.005226117023238374
2019,8,65.13061461064237,531.00076393548,6488.868187975424,UA,17418.824180407642,8638.051191502378,35963.0,34176.203938366656,17213.11217930206,0.004995687929190947
2019,9,30.834426887052533,494.6186971485466,6641.0631755321265,UA,16627.763636363637,8065.846787089133,33770.0,32833.68715275185,16025.334380474089,0.004878642101924297
2018,1,10.503746580635637,171.0551717662973,1780.1129092025665,WN,7533.553256668866,7432.314449995287,42436.0,14554.96915492483,14391.307619027713,0.04726247900200168
2018,2,16.230968471046765,165.98160392424057,1607.9670268576358,WN,7286.319039408867,7178.850246305418,40600.0,13709.873839952957,13538.131652986947,0.05072495113491629
2018,3,16.37985932578509,181.4239039804846,1724.8384854387336,WN,7479.170348478728,7355.733293644887,47033.0,14455.54983008951,14253.845417613378,0.04555007565906629
2018,4,18.468238058806243,184.15177308026648,1757.233117823405,WN,7374.672199083715,7276.533277800916,48020.0,13926.75546511537,13774.719698885256,0.04256743541626162
2018,5,21.17882833038289,185.7025194693255,1754.4585258814147,WN,7688.354379671151,7564.3757448928745,50175.0,13718.77360100349,13538.497250252316,0.041553686492923604
2018,6,23.536279518492737,241.39228477912337,2440.6971812211273,WN,8833.450076703923,8664.14174884944,45630.0,15358.154501438528,15112.115378217182,0.02565003580933733
2018,7,28.945939977306544,240.7774791064809,2271.1604941575874,WN,7574.453850850092,7430.409153978502,54053.0,13452.396743183726,13241.561598659278,0.02421450061139581
2018,8,22.86739961065377,235.5553639356617,2286.762525613768,WN,8053.002582324505,7950.295108044457,48406.0,14045.70570146676,13894.816299731232,0.02579519080446619
2018,9,12.545958904501626,226.6259597791397,2179.149309377189,WN,7439.269328210108,7363.446206139425,47366.0,13121.707390678757,13014.473660688469,0.02635299408068851
2018,10,15.062176027808414,240.19939424163528,2235.153091387953,WN,8343.35774148031,8251.623829477916,46774.0,14318.823749185873,14195.396998005945,0.026440420670360537
2018,11,20.62892740912264,261.91895054935407,2499.4998516414116,WN,7780.139051963507,7670.197005156684,50420.0,13151.26774320012,12995.408929572392,0.019850429723419685
2018,12,22.04257970532044,235.61043201186882,2208.884836672284,WN,7344.622406639004,7226.913520397683,48682.0,13676.773963151269,13486.974553927736,0.025914745528666676
2019,1,14.574511404337315,245.32857660747797,2554.2313821737093,WN,4598.077301721376,4538.789779512423,68666.0,9089.576592204003,8990.91099909839,0.014348130665398296
2019,2,29.0621123357022,246.6920868825321,2353.9979742012897,WN,4832.415026009086,4762.900408243893,60748.0,9264.157123835847,9154.501184003919,0.01576425246635334
2019,3,20.58967547597861,262.065194989697,2401.059159275174,WN,4728.757105432908,4648.803312138804,75963.0,8983.647852230164,8859.659093036742,0.014080069696634561
2019,4,16.679762103679174,209.32780549688366,1948.6852704234448,WN,4842.542983846303,4775.9953151499985,71934.0,9126.141374620069,9024.49090223427,0.02212351292939881
2019,5,22.090821507726652,208.5951284690238,1862.4849355054976,WN,5034.528503341588,4950.523457677663,75114.0,9066.903645335224,8942.261484433395,0.02301709099889278
2019,6,23.91211391486647,213.57767817052718,1888.6482843072922,WN,4785.179392578334,4699.950941075821,74808.0,9064.34595560996,8927.031634827159,0.022130953435062
2019,7,17.13696885994129,199.02435578333618,1845.0020799087704,WN,4721.131132837026,4646.849813564317,78043.0,8978.087820445653,8858.805716121882,0.024125264878230614
2019,8,15.01497829829327,201.89136196321297,1892.6697928844926,WN,4532.182481084118,4481.066738104883,76523.0,8754.334177216262,8670.121901266286,0.02268990173453239
2019,9,7.2885278093694135,192.30592815631022,1803.2858403387181,WN,4723.265609529017,4688.63312988606,67667.0,9090.822751718268,9032.87846097433,0.026047672444689488
2018,1,11.429379629182916,71.4400987477143,1354.1254204971947,YX,5.078351712130006,5.078351712130006,10338.0,8.220762227703618,8.220762227703618,8.497890876755856e-05
2018,2,11.740103355628136,78.9906194280272,1304.649711975614,YX,5.7097015723606805,5.7097015723606805,9349.0,8.981086662744678,8.981086662744678,8.714840538072527e-05
2018,3,10.562403006980515,78.49311678144188,1260.2537865139022,YX,4.632790028763183,4.632790028763183,10430.0,7.694943702780441,7.694943702780441,7.77885832056538e-05
2018,4,11.810876167112687,85.1760129341151,1352.2487921261193,YX,8.654239454622923,8.654239454622923,9388.0,13.489252890924584,13.489252890924584,0.0001171153950044966
2018,5,15.127159885335466,84.60306193283282,1348.7071270696817,YX,7.0911859713890175,7.0911859713890175,10835.0,10.693826921089064,10.693826921089064,9.371938221108517e-05
2018,6,15.736838192468092,89.24191661770779,1335.6781478930939,YX,4.336333578251286,3.230253490080823,10888.0,5.477162852681852,4.675092603783982,3.922107635982686e-05
2018,7,23.019966413008497,85.86524540853112,1256.8144643471753,YX,6.721754582865694,6.721754582865694,10692.0,10.119209560419005,10.119209560419005,9.376872355641533e-05
2018,8,16.816760822702875,81.9426817498255,1358.1893493260698,YX,7.220191547315702,7.220191547315702,11381.0,10.937144102451455,10.937144102451455,9.827282499362845e-05
2018,9,11.925265534919488,72.27245010489371,1290.7734252634689,YX,7.742823436885568,7.742823436885568,10172.0,11.597748982500985,11.597748982500985,0.00012432283681700827
2018,10,4.815970613196927,79.08533472463145,1221.540239924449,YX,6.372485285074234,6.372485285074234,11383.0,9.208958422208557,9.208958422208557,9.532499189470458e-05
2018,11,9.565058119917898,81.11418211577825,1281.6783435307173,YX,10.921718954907696,9.889337233935237,9913.0,15.166461108645215,14.429083250277415,0.0001387915096043721
2018,12,5.7766646716661265,78.37971630171093,1322.3925567532465,YX,4.850067842605156,4.850067842605156,10318.0,7.7219722504361314,7.7219722504361314,7.450135186690017e-05
2019,1,22.886817831627933,73.41911302274742,1417.5846050344644,YX,2.9181646168401136,2.9181646168401136,14798.0,5.1470627523989725,5.1470627523989725,4.945399055274079e-05
2019,2,9.706829660744726,77.87864894802604,1404.1249342598235,YX,5.7954960438222765,5.7954960438222765,14787.0,10.577234758909855,10.577234758909855,9.672705901433824e-05
2019,3,8.969503519910901,88.41662753617179,1424.8543643892913,YX,1.7632981874185523,1.7632981874185523,16882.0,3.1246113227105794,3.1246113227105794,2.480227848576046e-05
2019,4,17.924536307252144,88.86715765423214,1357.964329371971,YX,1.7894390229300126,1.7894390229300126,16703.0,3.1544705615757653,3.1544705615757653,2.6139472959086878e-05
2019,5,17.119441560882215,97.2364162415979,1440.8680070601424,YX,2.4515330188679245,2.4515330188679245,16960.0,4.215732551886793,4.215732551886793,3.0089842101532067e-05
2019,6,22.25118898282868,98.15333444997363,1495.1355422752788,YX,2.2469712191950832,2.2469712191950832,16921.0,4.057442300691449,4.057442300691449,2.764819150866479e-05
2019,7,25.451108552294937,93.1372290089942,1502.5871133333342,YX,3.3197470133520732,3.3197470133520732,17076.0,6.06539019735301,6.06539019735301,4.334068513081047e-05
2019,8,22.575471237294877,92.02000938161868,1522.7574717168309,YX,2.614305038890768,2.614305038890768,17742.0,4.746164212039229,4.746164212039229,3.3871134851395514e-05
2019,9,5.79901388167993,77.11966563329102,1286.1863090593029,YX,2.6168464591135208,2.6168464591135208,17891.0,4.844165331731038,4.844165331731038,4.883710784384757e-05
